# log mass	lambda_r	p(SR)/(p(SR) + p(FR))
9.500000000000000000e+00 0.000000000000000000e+00 nan
9.604166666666666075e+00 0.000000000000000000e+00 1.671896769941174157e-02
9.708333333333333925e+00 0.000000000000000000e+00 1.487371413581239227e-02
9.812500000000000000e+00 0.000000000000000000e+00 8.578726207988635055e-03
9.916666666666666075e+00 0.000000000000000000e+00 3.090665688643664481e-03
1.002083333333333393e+01 0.000000000000000000e+00 8.320687948099472851e-04
1.012500000000000000e+01 0.000000000000000000e+00 1.858656342227807488e-04
1.022916666666666607e+01 0.000000000000000000e+00 3.552963869900902362e-05
1.033333333333333393e+01 0.000000000000000000e+00 5.537391397375573291e-06
1.043750000000000000e+01 0.000000000000000000e+00 8.630287604894690740e-07
1.054166666666666607e+01 0.000000000000000000e+00 1.881613592181166139e-07
1.064583333333333393e+01 0.000000000000000000e+00 3.287423287753860882e-08
1.075000000000000000e+01 0.000000000000000000e+00 2.767186117513558274e-09
1.085416666666666607e+01 0.000000000000000000e+00 8.811675055927339426e-11
1.095833333333333393e+01 0.000000000000000000e+00 8.079655373044209477e-13
1.106250000000000000e+01 0.000000000000000000e+00 1.347050914689059529e-15
1.116666666666666607e+01 0.000000000000000000e+00 1.688645138603367759e-19
1.127083333333333393e+01 0.000000000000000000e+00 2.137784257582424946e-25
1.137500000000000000e+01 0.000000000000000000e+00 9.784494834810897155e-36
1.147916666666666607e+01 0.000000000000000000e+00 nan
1.158333333333333393e+01 0.000000000000000000e+00 nan
1.168750000000000000e+01 0.000000000000000000e+00 3.451475028152201086e-02
1.179166666666666785e+01 0.000000000000000000e+00 3.053100927766367809e-02
1.189583333333333393e+01 0.000000000000000000e+00 1.497012894543721558e-02
1.200000000000000000e+01 0.000000000000000000e+00 4.163531146546833525e-03
9.500000000000000000e+00 5.263157894736841813e-02 8.091289546180128892e-04
9.604166666666666075e+00 5.263157894736841813e-02 1.253476240464397313e-04
9.708333333333333925e+00 5.263157894736841813e-02 1.567041946438368582e-05
9.812500000000000000e+00 5.263157894736841813e-02 1.710292197888621338e-06
9.916666666666666075e+00 5.263157894736841813e-02 2.027526892133330556e-07
1.002083333333333393e+01 5.263157894736841813e-02 2.072352197921012289e-08
1.012500000000000000e+01 5.263157894736841813e-02 1.184700446854613453e-09
1.022916666666666607e+01 5.263157894736841813e-02 2.942997390260169294e-11
1.033333333333333393e+01 5.263157894736841813e-02 2.563638207569817098e-13
1.043750000000000000e+01 5.263157894736841813e-02 5.868628320782377037e-16
1.054166666666666607e+01 5.263157894736841813e-02 2.628699464724319100e-19
1.064583333333333393e+01 5.263157894736841813e-02 3.834831457498897283e-23
1.075000000000000000e+01 5.263157894736841813e-02 6.079882110923604386e-28
1.085416666666666607e+01 5.263157894736841813e-02 3.955867232070100071e-36
1.095833333333333393e+01 5.263157894736841813e-02 nan
1.106250000000000000e+01 5.263157894736841813e-02 nan
1.116666666666666607e+01 5.263157894736841813e-02 6.941814244027183500e-02
1.127083333333333393e+01 5.263157894736841813e-02 5.984043533189688929e-02
1.137500000000000000e+01 5.263157894736841813e-02 2.416176695589832002e-02
1.147916666666666607e+01 5.263157894736841813e-02 4.998861355946995245e-03
1.158333333333333393e+01 5.263157894736841813e-02 6.886492895791318861e-04
1.168750000000000000e+01 5.263157894736841813e-02 7.303507369185308345e-05
1.179166666666666785e+01 5.263157894736841813e-02 6.184077811608227133e-06
1.189583333333333393e+01 5.263157894736841813e-02 4.474891018865273541e-07
1.200000000000000000e+01 5.263157894736841813e-02 2.723229950641362738e-08
9.500000000000000000e+00 1.052631578947368363e-01 1.137522101486231662e-09
9.604166666666666075e+00 1.052631578947368363e-01 2.750266909721832879e-11
9.708333333333333925e+00 1.052631578947368363e-01 3.992313032640439934e-13
9.812500000000000000e+00 1.052631578947368363e-01 4.318867522939223513e-15
9.916666666666666075e+00 1.052631578947368363e-01 2.961220778987915970e-17
1.002083333333333393e+01 1.052631578947368363e-01 7.237335635350392979e-20
1.012500000000000000e+01 1.052631578947368363e-01 3.013013999803208482e-23
1.022916666666666607e+01 1.052631578947368363e-01 4.890384471594460340e-28
1.033333333333333393e+01 1.052631578947368363e-01 2.878754696546535415e-36
1.043750000000000000e+01 1.052631578947368363e-01 nan
1.054166666666666607e+01 1.052631578947368363e-01 nan
1.064583333333333393e+01 1.052631578947368363e-01 1.331449334648861227e-01
1.075000000000000000e+01 1.052631578947368363e-01 1.094695613335638501e-01
1.085416666666666607e+01 1.052631578947368363e-01 3.571561108191430300e-02
1.095833333333333393e+01 1.052631578947368363e-01 5.439545151993706307e-03
1.106250000000000000e+01 1.052631578947368363e-01 5.390253144784938610e-04
1.116666666666666607e+01 1.052631578947368363e-01 4.094377511509772103e-05
1.127083333333333393e+01 1.052631578947368363e-01 2.503558892556648040e-06
1.137500000000000000e+01 1.052631578947368363e-01 1.284011332801530690e-07
1.147916666666666607e+01 1.052631578947368363e-01 5.777171170110075258e-09
1.158333333333333393e+01 1.052631578947368363e-01 2.393877062770427369e-10
1.168750000000000000e+01 1.052631578947368363e-01 8.780743451211359535e-12
1.179166666666666785e+01 1.052631578947368363e-01 2.370422489406788064e-13
1.189583333333333393e+01 1.052631578947368363e-01 3.771909447948815205e-15
1.200000000000000000e+01 1.052631578947368363e-01 2.774675966255964680e-17
9.500000000000000000e+00 1.578947368421052544e-01 6.591954419898133384e-20
9.604166666666666075e+00 1.578947368421052544e-01 2.621075735200207641e-23
9.708333333333333925e+00 1.578947368421052544e-01 4.003699572132801351e-28
9.812500000000000000e+00 1.578947368421052544e-01 2.141147119864003982e-36
9.916666666666666075e+00 1.578947368421052544e-01 nan
1.002083333333333393e+01 1.578947368421052544e-01 nan
1.012500000000000000e+01 1.578947368421052544e-01 2.366782358427081956e-01
1.022916666666666607e+01 1.578947368421052544e-01 1.830740360444130244e-01
1.033333333333333393e+01 1.578947368421052544e-01 4.859609198641211270e-02
1.043750000000000000e+01 1.578947368421052544e-01 5.555329419580342168e-03
1.054166666666666607e+01 1.578947368421052544e-01 4.164125275460673335e-04
1.064583333333333393e+01 1.578947368421052544e-01 2.492633263483090894e-05
1.075000000000000000e+01 1.578947368421052544e-01 1.325373787144521332e-06
1.085416666666666607e+01 1.578947368421052544e-01 7.114613017741972200e-08
1.095833333333333393e+01 1.578947368421052544e-01 4.036568055180361325e-09
1.106250000000000000e+01 1.578947368421052544e-01 2.125594303615503136e-10
1.116666666666666607e+01 1.578947368421052544e-01 8.697749867392163533e-12
1.127083333333333393e+01 1.578947368421052544e-01 2.378388695264043524e-13
1.137500000000000000e+01 1.578947368421052544e-01 3.708167355644781917e-15
1.147916666666666607e+01 1.578947368421052544e-01 2.647510314348230345e-17
1.158333333333333393e+01 1.578947368421052544e-01 6.070240263349108341e-20
1.168750000000000000e+01 1.578947368421052544e-01 2.311972737981449439e-23
1.179166666666666785e+01 1.578947368421052544e-01 3.337224700208115500e-28
1.189583333333333393e+01 1.578947368421052544e-01 1.631067529292057037e-36
1.200000000000000000e+01 1.578947368421052544e-01 nan
9.500000000000000000e+00 2.105263157894736725e-01 nan
9.604166666666666075e+00 2.105263157894736725e-01 3.783800188984729473e-01
9.708333333333333925e+00 2.105263157894736725e-01 2.769494591598110622e-01
9.812500000000000000e+00 2.105263157894736725e-01 6.197817471347850937e-02
9.916666666666666075e+00 2.105263157894736725e-01 5.545297590969428154e-03
1.002083333333333393e+01 2.105263157894736725e-01 3.379886822363014731e-04
1.012500000000000000e+01 2.105263157894736725e-01 1.801687906887990218e-05
1.022916666666666607e+01 2.105263157894736725e-01 9.967991640272999418e-07
1.033333333333333393e+01 2.105263157894736725e-01 6.264657814543782969e-08
1.043750000000000000e+01 2.105263157894736725e-01 4.012187790980403678e-09
1.054166666666666607e+01 2.105263157894736725e-01 2.196415875686492368e-10
1.064583333333333393e+01 2.105263157894736725e-01 8.961014421885689765e-12
1.075000000000000000e+01 2.105263157894736725e-01 2.407582783953168501e-13
1.085416666666666607e+01 2.105263157894736725e-01 3.665616745444077007e-15
1.095833333333333393e+01 2.105263157894736725e-01 2.544971430892767450e-17
1.106250000000000000e+01 2.105263157894736725e-01 5.648096559291657831e-20
1.116666666666666607e+01 2.105263157894736725e-01 2.068037401629978125e-23
1.127083333333333393e+01 2.105263157894736725e-01 2.833909005415994364e-28
1.137500000000000000e+01 2.105263157894736725e-01 1.274667931880176131e-36
1.147916666666666607e+01 2.105263157894736725e-01 nan
1.158333333333333393e+01 2.105263157894736725e-01 nan
1.168750000000000000e+01 2.105263157894736725e-01 5.349870659560905795e-01
1.179166666666666785e+01 2.105263157894736725e-01 3.806462285296769443e-01
1.189583333333333393e+01 2.105263157894736725e-01 7.583684929572498401e-02
1.200000000000000000e+01 2.105263157894736725e-01 5.591587758607309208e-03
9.500000000000000000e+00 2.631578947368420907e-01 2.976440250132610056e-04
9.604166666666666075e+00 2.631578947368420907e-01 1.543598078542770353e-05
9.708333333333333925e+00 2.631578947368420907e-01 9.257328756112736266e-07
9.812500000000000000e+00 2.631578947368420907e-01 6.341890444030359741e-08
9.916666666666666075e+00 2.631578947368420907e-01 4.196804654680117655e-09
1.002083333333333393e+01 2.631578947368420907e-01 2.298141134902426992e-10
1.012500000000000000e+01 2.631578947368420907e-01 9.261206297197155606e-12
1.022916666666666607e+01 2.631578947368420907e-01 2.443520396103252302e-13
1.033333333333333393e+01 2.631578947368420907e-01 3.639630229059065149e-15
1.043750000000000000e+01 2.631578947368420907e-01 2.463754670433048790e-17
1.054166666666666607e+01 2.631578947368420907e-01 5.309535424856633844e-20
1.064583333333333393e+01 2.631578947368420907e-01 1.876159893532394771e-23
1.075000000000000000e+01 2.631578947368420907e-01 2.452987104465940111e-28
1.085416666666666607e+01 2.631578947368420907e-01 1.023287025940665786e-36
1.095833333333333393e+01 2.631578947368420907e-01 nan
1.106250000000000000e+01 2.631578947368420907e-01 nan
1.116666666666666607e+01 2.631578947368420907e-01 6.744502497795227258e-01
1.127083333333333393e+01 2.631578947368420907e-01 4.828334553130650963e-01
1.137500000000000000e+01 2.631578947368420907e-01 9.092925148996169882e-02
1.147916666666666607e+01 2.631578947368420907e-01 5.805852593210088924e-03
1.158333333333333393e+01 2.631578947368420907e-01 2.842875860419037367e-04
1.168750000000000000e+01 2.631578947368420907e-01 1.484093204835981099e-05
1.179166666666666785e+01 2.631578947368420907e-01 9.402767769198137811e-07
1.189583333333333393e+01 2.631578947368420907e-01 6.658993957880074062e-08
1.200000000000000000e+01 2.631578947368420907e-01 4.429099938099463289e-09
9.500000000000000000e+00 3.157894736842105088e-01 2.407509954541910787e-10
9.604166666666666075e+00 3.157894736842105088e-01 9.576086937098668054e-12
9.708333333333333925e+00 3.157894736842105088e-01 2.484695168601364310e-13
9.812500000000000000e+00 3.157894736842105088e-01 3.628962932523879973e-15
9.916666666666666075e+00 3.157894736842105088e-01 2.401907708308605301e-17
1.002083333333333393e+01 3.157894736842105088e-01 5.043221003523446693e-20
1.012500000000000000e+01 3.157894736842105088e-01 1.726768068719587039e-23
1.022916666666666607e+01 3.157894736842105088e-01 2.165469315526744842e-28
1.033333333333333393e+01 3.157894736842105088e-01 8.448084411938680091e-37
1.043750000000000000e+01 3.157894736842105088e-01 nan
1.054166666666666607e+01 3.157894736842105088e-01 nan
1.064583333333333393e+01 3.157894736842105088e-01 7.789826396873562597e-01
1.075000000000000000e+01 3.157894736842105088e-01 5.760992612078306152e-01
1.085416666666666607e+01 3.157894736842105088e-01 1.085114453022192199e-01
1.095833333333333393e+01 3.157894736842105088e-01 6.253264134831335898e-03
1.106250000000000000e+01 3.157894736842105088e-01 2.898023893514950836e-04
1.116666666666666607e+01 3.157894736842105088e-01 1.523366539919770754e-05
1.127083333333333393e+01 3.157894736842105088e-01 9.888859512634513201e-07
1.137500000000000000e+01 3.157894736842105088e-01 7.059050457936448823e-08
1.147916666666666607e+01 3.157894736842105088e-01 4.676962756621464994e-09
1.158333333333333393e+01 3.157894736842105088e-01 2.519688176131895493e-10
1.168750000000000000e+01 3.157894736842105088e-01 9.901328442235952405e-12
1.179166666666666785e+01 3.157894736842105088e-01 2.531290114895379825e-13
1.189583333333333393e+01 3.157894736842105088e-01 3.634104969916955349e-15
1.200000000000000000e+01 3.157894736842105088e-01 2.358754377874379268e-17
9.500000000000000000e+00 3.684210526315789269e-01 4.841961275080255091e-20
9.604166666666666075e+00 3.684210526315789269e-01 1.613117728559339268e-23
9.708333333333333925e+00 3.684210526315789269e-01 1.950961684963425480e-28
9.812500000000000000e+00 3.684210526315789269e-01 7.180031369025870858e-37
9.916666666666666075e+00 3.684210526315789269e-01 nan
1.002083333333333393e+01 3.684210526315789269e-01 nan
1.012500000000000000e+01 3.684210526315789269e-01 8.493556944883018378e-01
1.022916666666666607e+01 3.684210526315789269e-01 6.574474315417212500e-01
1.033333333333333393e+01 3.684210526315789269e-01 1.301795462786022595e-01
1.043750000000000000e+01 3.684210526315789269e-01 6.996016477985882512e-03
1.054166666666666607e+01 3.684210526315789269e-01 3.101962471409980921e-04
1.064583333333333393e+01 3.684210526315789269e-01 1.620858253564173840e-05
1.075000000000000000e+01 3.684210526315789269e-01 1.054209078491100497e-06
1.085416666666666607e+01 3.684210526315789269e-01 7.495209530096727922e-08
1.095833333333333393e+01 3.684210526315789269e-01 4.931546858339967694e-09
1.106250000000000000e+01 3.684210526315789269e-01 2.633983051530606090e-10
1.116666666666666607e+01 3.684210526315789269e-01 1.024075534245833406e-11
1.127083333333333393e+01 3.684210526315789269e-01 2.585059843105011475e-13
1.137500000000000000e+01 3.684210526315789269e-01 3.657628527519739769e-15
1.147916666666666607e+01 3.684210526315789269e-01 2.335086339914695553e-17
1.158333333333333393e+01 3.684210526315789269e-01 4.702673289341863651e-20
1.168750000000000000e+01 3.684210526315789269e-01 1.530870446489196925e-23
1.179166666666666785e+01 3.684210526315789269e-01 1.795527645785535757e-28
1.189583333333333393e+01 3.684210526315789269e-01 6.288868285194208122e-37
1.200000000000000000e+01 3.684210526315789269e-01 nan
9.500000000000000000e+00 4.210526315789473450e-01 nan
9.604166666666666075e+00 4.210526315789473450e-01 8.944339326039758564e-01
9.708333333333333925e+00 4.210526315789473450e-01 7.265810612533221136e-01
9.812500000000000000e+00 4.210526315789473450e-01 1.579148571266486556e-01
9.916666666666666075e+00 4.210526315789473450e-01 8.134067718332922692e-03
1.002083333333333393e+01 4.210526315789473450e-01 3.452396654355346429e-04
1.012500000000000000e+01 4.210526315789473450e-01 1.764041893857079560e-05
1.022916666666666607e+01 4.210526315789473450e-01 1.131199484932411644e-06
1.033333333333333393e+01 4.210526315789473450e-01 7.957777994597070210e-08
1.043750000000000000e+01 4.210526315789473450e-01 5.194097616648449683e-09
1.054166666666666607e+01 4.210526315789473450e-01 2.752834379163816938e-10
1.064583333333333393e+01 4.210526315789473450e-01 1.060787278353772541e-11
1.075000000000000000e+01 4.210526315789473450e-01 2.649957749685106581e-13
1.085416666666666607e+01 4.210526315789473450e-01 3.705066323013793336e-15
1.095833333333333393e+01 4.210526315789473450e-01 2.333648857464240639e-17
1.106250000000000000e+01 4.210526315789473450e-01 4.627002071933694889e-20
1.116666666666666607e+01 4.210526315789473450e-01 1.477982878763315401e-23
1.127083333333333393e+01 4.210526315789473450e-01 1.690404852309675587e-28
1.137500000000000000e+01 4.210526315789473450e-01 5.684315015740062826e-37
1.147916666666666607e+01 4.210526315789473450e-01 nan
1.158333333333333393e+01 4.210526315789473450e-01 nan
1.168750000000000000e+01 4.210526315789473450e-01 9.229611277795324309e-01
1.179166666666666785e+01 4.210526315789473450e-01 7.843356607774898404e-01
1.189583333333333393e+01 4.210526315789473450e-01 1.942123124875224371e-01
1.200000000000000000e+01 4.210526315789473450e-01 9.851863747950542413e-03
9.500000000000000000e+00 4.736842105263157632e-01 3.988615141601221134e-04
9.604166666666666075e+00 4.736842105263157632e-01 1.959673764658404309e-05
9.708333333333333925e+00 4.736842105263157632e-01 1.222233284351759185e-06
9.812500000000000000e+00 4.736842105263157632e-01 8.463340176362287298e-08
9.916666666666666075e+00 4.736842105263157632e-01 5.476151204724810915e-09
1.002083333333333393e+01 4.736842105263157632e-01 2.882939400453590371e-10
1.012500000000000000e+01 4.736842105263157632e-01 1.103085325227250854e-11
1.022916666666666607e+01 4.736842105263157632e-01 2.733367336043655506e-13
1.033333333333333393e+01 4.736842105263157632e-01 3.786565864788859279e-15
1.043750000000000000e+01 4.736842105263157632e-01 2.360115064015088418e-17
1.054166666666666607e+01 4.736842105263157632e-01 4.622966926618682809e-20
1.064583333333333393e+01 4.736842105263157632e-01 1.454997560813387497e-23
1.075000000000000000e+01 4.736842105263157632e-01 1.631521554467306546e-28
1.085416666666666607e+01 4.736842105263157632e-01 5.312169235669990351e-37
1.095833333333333393e+01 4.736842105263157632e-01 nan
1.106250000000000000e+01 4.736842105263157632e-01 nan
1.116666666666666607e+01 4.736842105263157632e-01 9.411223433972825125e-01
1.127083333333333393e+01 4.736842105263157632e-01 8.318766856863734072e-01
1.137500000000000000e+01 4.736842105263157632e-01 2.420785992052683078e-01
1.147916666666666607e+01 4.736842105263157632e-01 1.249082733379492174e-02
1.158333333333333393e+01 4.736842105263157632e-01 4.811334057028702951e-04
1.168750000000000000e+01 4.736842105263157632e-01 2.236746490314161289e-05
1.179166666666666785e+01 4.736842105263157632e-01 1.337907683267832830e-06
1.189583333333333393e+01 4.736842105263157632e-01 9.061862271619849547e-08
1.200000000000000000e+01 4.736842105263157632e-01 5.804407069731122248e-09
9.500000000000000000e+00 5.263157894736841813e-01 3.037703618103687578e-10
9.604166666666666075e+00 5.263157894736841813e-01 1.156153130019266549e-11
9.708333333333333925e+00 5.263157894736841813e-01 2.848280894117354795e-13
9.812500000000000000e+00 5.263157894736841813e-01 3.919866067621995614e-15
9.916666666666666075e+00 5.263157894736841813e-01 2.424903811965534434e-17
1.002083333333333393e+01 5.263157894736841813e-01 4.708333891639534114e-20
1.012500000000000000e+01 5.263157894736841813e-01 1.465938322499792169e-23
1.022916666666666607e+01 5.263157894736841813e-01 1.619933020425721114e-28
1.033333333333333393e+01 5.263157894736841813e-01 5.148071083501407415e-37
1.043750000000000000e+01 5.263157894736841813e-01 nan
1.054166666666666607e+01 5.263157894736841813e-01 nan
1.064583333333333393e+01 5.263157894736841813e-01 9.527835899847361123e-01
1.075000000000000000e+01 5.263157894736841813e-01 8.704081657551517859e-01
1.085416666666666607e+01 5.263157894736841813e-01 3.045719646334344999e-01
1.095833333333333393e+01 5.263157894736841813e-01 1.667326836020703931e-02
1.106250000000000000e+01 5.263157894736841813e-01 6.127903045804774769e-04
1.116666666666666607e+01 5.263157894736841813e-01 2.659538048031016299e-05
1.127083333333333393e+01 5.263157894736841813e-01 1.501446421121383926e-06
1.137500000000000000e+01 5.263157894736841813e-01 9.855921650480674704e-08
1.147916666666666607e+01 5.263157894736841813e-01 6.230037826642732156e-09
1.158333333333333393e+01 5.263157894736841813e-01 3.241463289983694271e-10
1.168750000000000000e+01 5.263157894736841813e-01 1.229068369842172243e-11
1.179166666666666785e+01 5.263157894736841813e-01 3.017045721387985507e-13
1.189583333333333393e+01 5.263157894736841813e-01 4.135510348283865403e-15
1.200000000000000000e+01 5.263157894736841813e-01 2.546440634697024327e-17
9.500000000000000000e+00 5.789473684210526550e-01 4.916933261025073909e-20
9.604166666666666075e+00 5.789473684210526550e-01 1.520194858570024410e-23
9.708333333333333925e+00 5.789473684210526550e-01 1.663548486487508482e-28
9.812500000000000000e+00 5.789473684210526550e-01 5.198140633960876298e-37
9.916666666666666075e+00 5.789473684210526550e-01 nan
1.002083333333333393e+01 5.789473684210526550e-01 nan
1.012500000000000000e+01 5.789473684210526550e-01 9.602431649660790880e-01
1.022916666666666607e+01 5.789473684210526550e-01 9.010841517641703380e-01
1.033333333333333393e+01 5.789473684210526550e-01 3.834919401943039929e-01
1.043750000000000000e+01 5.789473684210526550e-01 2.351109786585226999e-02
1.054166666666666607e+01 5.789473684210526550e-01 8.341492672756037341e-04
1.064583333333333393e+01 5.789473684210526550e-01 3.355383003992386043e-05
1.075000000000000000e+01 5.789473684210526550e-01 1.757769578234073003e-06
1.085416666666666607e+01 5.789473684210526550e-01 1.103605740960137732e-07
1.095833333333333393e+01 5.789473684210526550e-01 6.844392052569265180e-09
1.106250000000000000e+01 5.789473684210526550e-01 3.536366473199115489e-10
1.116666666666666607e+01 5.789473684210526550e-01 1.337291551173106026e-11
1.127083333333333393e+01 5.789473684210526550e-01 3.277549334471567605e-13
1.137500000000000000e+01 5.789473684210526550e-01 4.485608484125173183e-15
1.147916666666666607e+01 5.789473684210526550e-01 2.756751030044442614e-17
1.158333333333333393e+01 5.789473684210526550e-01 5.309798093774090271e-20
1.168750000000000000e+01 5.789473684210526550e-01 1.636020114892143571e-23
1.179166666666666785e+01 5.789473684210526550e-01 1.780842437665248454e-28
1.189583333333333393e+01 5.789473684210526550e-01 5.507840621152749751e-37
1.200000000000000000e+01 5.789473684210526550e-01 nan
9.500000000000000000e+00 6.315789473684210176e-01 nan
9.604166666666666075e+00 6.315789473684210176e-01 9.648253954446499581e-01
9.708333333333333925e+00 6.315789473684210176e-01 9.249826755215337926e-01
9.812500000000000000e+00 6.315789473684210176e-01 4.772486742008522076e-01
9.916666666666666075e+00 6.315789473684210176e-01 3.494360334218576947e-02
1.002083333333333393e+01 6.315789473684210176e-01 1.222483666458513930e-03
1.012500000000000000e+01 6.315789473684210176e-01 4.570595457754025355e-05
1.022916666666666607e+01 6.315789473684210176e-01 2.191087519168569524e-06
1.033333333333333393e+01 6.315789473684210176e-01 1.294313760150522289e-07
1.043750000000000000e+01 6.315789473684210176e-01 7.804216607057314232e-09
1.054166666666666607e+01 6.315789473684210176e-01 3.992862693667679640e-10
1.064583333333333393e+01 6.315789473684210176e-01 1.506421774372940643e-11
1.075000000000000000e+01 6.315789473684210176e-01 3.692669865230734216e-13
1.085416666666666607e+01 6.315789473684210176e-01 5.057491240912627502e-15
1.095833333333333393e+01 6.315789473684210176e-01 3.110369982703932102e-17
1.106250000000000000e+01 6.315789473684210176e-01 5.993347075429457494e-20
1.116666666666666607e+01 6.315789473684210176e-01 1.846429281100297319e-23
1.127083333333333393e+01 6.315789473684210176e-01 2.007505038214280680e-28
1.137500000000000000e+01 6.315789473684210176e-01 6.181789520019770557e-37
1.147916666666666607e+01 6.315789473684210176e-01 nan
1.158333333333333393e+01 6.315789473684210176e-01 nan
1.168750000000000000e+01 6.315789473684210176e-01 9.672536791566317405e-01
1.179166666666666785e+01 6.315789473684210176e-01 9.431270263692493883e-01
1.189583333333333393e+01 6.315789473684210176e-01 5.793294602253868941e-01
1.200000000000000000e+01 6.315789473684210176e-01 5.428740301088775394e-02
9.500000000000000000e+00 6.842105263157893802e-01 1.929068030378327603e-03
9.604166666666666075e+00 6.842105263157893802e-01 6.794060831453148180e-05
9.708333333333333925e+00 6.842105263157893802e-01 2.962275358879198781e-06
9.812500000000000000e+00 6.842105263157893802e-01 1.618550533816955680e-07
9.916666666666666075e+00 6.842105263157893802e-01 9.372029143508906614e-09
1.002083333333333393e+01 6.842105263157893802e-01 4.724602705451971233e-10
1.012500000000000000e+01 6.842105263157893802e-01 1.777302351547655990e-11
1.022916666666666607e+01 6.842105263157893802e-01 4.363192906572305566e-13
1.033333333333333393e+01 6.842105263157893802e-01 5.992808796299363433e-15
1.043750000000000000e+01 6.842105263157893802e-01 3.697140724109340937e-17
1.054166666666666607e+01 6.842105263157893802e-01 7.146222571856372369e-20
1.064583333333333393e+01 6.842105263157893802e-01 2.208161598868109875e-23
1.075000000000000000e+01 6.842105263157893802e-01 2.406920317402580476e-28
1.085416666666666607e+01 6.842105263157893802e-01 7.417342892414751113e-37
1.095833333333333393e+01 6.842105263157893802e-01 nan
1.106250000000000000e+01 6.842105263157893802e-01 nan
1.116666666666666607e+01 6.842105263157893802e-01 9.678884730617460797e-01
1.127083333333333393e+01 6.842105263157893802e-01 9.565408851533606649e-01
1.137500000000000000e+01 6.842105263157893802e-01 6.797632478443966786e-01
1.147916666666666607e+01 6.842105263157893802e-01 8.723140819976897553e-02
1.158333333333333393e+01 6.842105263157893802e-01 3.273583304765967719e-03
1.168750000000000000e+01 6.842105263157893802e-01 1.108730795222306317e-04
1.179166666666666785e+01 6.842105263157893802e-01 4.405761688161931697e-06
1.189583333333333393e+01 6.842105263157893802e-01 2.190801445660890261e-07
1.200000000000000000e+01 6.842105263157893802e-01 1.199187490143032327e-08
9.500000000000000000e+00 7.368421052631578538e-01 5.911013083669002115e-10
9.604166666666666075e+00 7.368421052631578538e-01 2.212846939958573819e-11
9.708333333333333925e+00 7.368421052631578538e-01 5.444601783771336639e-13
9.812500000000000000e+00 7.368421052631578538e-01 7.512724988882120414e-15
9.916666666666666075e+00 7.368421052631578538e-01 4.659525900366237036e-17
1.002083333333333393e+01 7.368421052631578538e-01 9.056516926728119438e-20
1.012500000000000000e+01 7.368421052631578538e-01 2.814407464596175148e-23
1.022916666666666607e+01 7.368421052631578538e-01 3.085379049256924588e-28
1.033333333333333393e+01 7.368421052631578538e-01 9.554368835587597727e-37
1.043750000000000000e+01 7.368421052631578538e-01 nan
1.054166666666666607e+01 7.368421052631578538e-01 nan
1.064583333333333393e+01 7.368421052631578538e-01 9.669220626515652173e-01
1.075000000000000000e+01 7.368421052631578538e-01 9.662506092888386577e-01
1.085416666666666607e+01 7.368421052631578538e-01 7.692897326114869205e-01
1.095833333333333393e+01 7.368421052631578538e-01 1.436206387465183976e-01
1.106250000000000000e+01 7.368421052631578538e-01 6.023175580814066517e-03
1.116666666666666607e+01 7.368421052631578538e-01 2.014312499046019389e-04
1.127083333333333393e+01 7.368421052631578538e-01 7.342854556242093385e-06
1.137500000000000000e+01 7.368421052631578538e-01 3.260125431581029933e-07
1.147916666666666607e+01 7.368421052631578538e-01 1.648457483971024311e-08
1.158333333333333393e+01 7.368421052631578538e-01 7.844071954343619473e-10
1.168750000000000000e+01 7.368421052631578538e-01 2.909615472100014318e-11
1.179166666666666785e+01 7.368421052631578538e-01 7.172850464526455722e-13
1.189583333333333393e+01 7.368421052631578538e-01 9.955558820546384602e-15
1.200000000000000000e+01 7.368421052631578538e-01 6.218424260993990282e-17
9.500000000000000000e+00 7.894736842105263275e-01 1.217747638332507185e-19
9.604166666666666075e+00 7.894736842105263275e-01 3.813894891167777701e-23
9.708333333333333925e+00 7.894736842105263275e-01 4.214812649155656384e-28
9.812500000000000000e+00 7.894736842105263275e-01 1.314770778743976836e-36
9.916666666666666075e+00 7.894736842105263275e-01 nan
1.002083333333333393e+01 7.894736842105263275e-01 nan
1.012500000000000000e+01 7.894736842105263275e-01 9.645882457335245297e-01
1.022916666666666607e+01 7.894736842105263275e-01 9.731909989037684783e-01
1.033333333333333393e+01 7.894736842105263275e-01 8.423581456984668980e-01
1.043750000000000000e+01 7.894736842105263275e-01 2.390282395727398590e-01
1.054166666666666607e+01 7.894736842105263275e-01 1.228249106013714134e-02
1.064583333333333393e+01 7.894736842105263275e-01 4.219460296594739618e-04
1.075000000000000000e+01 7.894736842105263275e-01 1.431417228036487927e-05
1.085416666666666607e+01 7.894736842105263275e-01 5.521957107663453137e-07
1.095833333333333393e+01 7.894736842105263275e-01 2.471804514849625220e-08
1.106250000000000000e+01 7.894736842105263275e-01 1.106015749520146077e-09
1.116666666666666607e+01 7.894736842105263275e-01 4.023635147015617528e-11
1.127083333333333393e+01 7.894736842105263275e-01 9.912982639599104032e-13
1.137500000000000000e+01 7.894736842105263275e-01 1.384272868909503795e-14
1.147916666666666607e+01 7.894736842105263275e-01 8.717074149627986911e-17
1.158333333333333393e+01 7.894736842105263275e-01 1.722056792880321039e-19
1.168750000000000000e+01 7.894736842105263275e-01 5.442218630451847560e-23
1.179166666666666785e+01 7.894736842105263275e-01 6.069134394881530938e-28
1.189583333333333393e+01 7.894736842105263275e-01 1.907552239208816517e-36
1.200000000000000000e+01 7.894736842105263275e-01 nan
9.500000000000000000e+00 8.421052631578946901e-01 nan
9.604166666666666075e+00 8.421052631578946901e-01 9.614009743625780979e-01
9.708333333333333925e+00 8.421052631578946901e-01 9.781130826859343319e-01
9.812500000000000000e+00 8.421052631578946901e-01 8.972964653834532012e-01
9.916666666666666075e+00 8.421052631578946901e-01 3.891209804391334570e-01
1.002083333333333393e+01 8.421052631578946901e-01 2.849516086720689512e-02
1.012500000000000000e+01 8.421052631578946901e-01 1.078877113623075579e-03
1.022916666666666607e+01 8.421052631578946901e-01 3.564179796959541629e-05
1.033333333333333393e+01 8.421052631578946901e-01 1.172585993117603235e-06
1.043750000000000000e+01 8.421052631578946901e-01 4.282012559383068445e-08
1.054166666666666607e+01 8.421052631578946901e-01 1.684802880892405894e-09
1.064583333333333393e+01 8.421052631578946901e-01 5.841723314816035443e-11
1.075000000000000000e+01 8.421052631578946901e-01 1.425850909665211802e-12
1.085416666666666607e+01 8.421052631578946901e-01 1.999514987548406076e-14
1.095833333333333393e+01 8.421052631578946901e-01 1.269488819224988446e-16
1.106250000000000000e+01 8.421052631578946901e-01 2.530878625594847236e-19
1.116666666666666607e+01 8.421052631578946901e-01 8.072396008360327504e-23
1.127083333333333393e+01 8.421052631578946901e-01 9.080831445815952535e-28
1.137500000000000000e+01 8.421052631578946901e-01 2.869132218386806938e-36
1.147916666666666607e+01 8.421052631578946901e-01 nan
1.158333333333333393e+01 8.421052631578946901e-01 nan
1.168750000000000000e+01 8.421052631578946901e-01 9.583211248206724431e-01
1.179166666666666785e+01 8.421052631578946901e-01 9.815815861010536159e-01
1.189583333333333393e+01 8.421052631578946901e-01 9.353789420683599198e-01
1.200000000000000000e+01 8.421052631578946901e-01 5.841970839595960197e-01
9.500000000000000000e+00 8.947368421052630527e-01 7.538814302536456236e-02
9.604166666666666075e+00 8.947368421052630527e-01 3.570714339790352979e-03
9.708333333333333925e+00 8.947368421052630527e-01 1.283883729188222919e-04
9.812500000000000000e+00 8.947368421052630527e-01 3.865843299118089895e-06
9.916666666666666075e+00 8.947368421052630527e-01 1.063175107565930909e-07
1.002083333333333393e+01 8.947368421052630527e-01 3.076743956874287256e-09
1.012500000000000000e+01 8.947368421052630527e-01 9.120609419035807417e-11
1.022916666666666607e+01 8.947368421052630527e-01 2.130145863800226343e-12
1.033333333333333393e+01 8.947368421052630527e-01 2.974662402165116618e-14
1.043750000000000000e+01 8.947368421052630527e-01 1.900600954534325730e-16
1.054166666666666607e+01 8.947368421052630527e-01 3.821422083726154105e-19
1.064583333333333393e+01 8.947368421052630527e-01 1.229125362550710304e-22
1.075000000000000000e+01 8.947368421052630527e-01 1.392234825003976353e-27
1.085416666666666607e+01 8.947368421052630527e-01 4.400682464916703069e-36
1.095833333333333393e+01 8.947368421052630527e-01 nan
1.106250000000000000e+01 8.947368421052630527e-01 nan
1.116666666666666607e+01 8.947368421052630527e-01 9.565987953369470276e-01
1.127083333333333393e+01 8.947368421052630527e-01 9.840375575463616853e-01
1.137500000000000000e+01 8.947368421052630527e-01 9.598188820738570159e-01
1.147916666666666607e+01 8.947368421052630527e-01 7.682261086830245445e-01
1.158333333333333393e+01 8.947368421052630527e-01 2.098078447785251544e-01
1.168750000000000000e+01 8.947368421052630527e-01 1.550041561831335193e-02
1.179166666666666785e+01 8.947368421052630527e-01 7.255365840444284210e-04
1.189583333333333393e+01 8.947368421052630527e-01 2.497039910904210334e-05
1.200000000000000000e+01 8.947368421052630527e-01 6.211648814497772039e-07
9.500000000000000000e+00 9.473684210526315264e-01 1.163550595494297453e-08
9.604166666666666075e+00 9.473684210526315264e-01 1.986722374068011595e-10
9.708333333333333925e+00 9.473684210526315264e-01 3.489662008070019130e-12
9.812500000000000000e+00 9.473684210526315264e-01 4.562517063774527982e-14
9.916666666666666075e+00 9.473684210526315264e-01 2.902501019597017352e-16
1.002083333333333393e+01 9.473684210526315264e-01 5.871596110220206168e-19
1.012500000000000000e+01 9.473684210526315264e-01 1.900933112722835306e-22
1.022916666666666607e+01 9.473684210526315264e-01 2.161458047756638932e-27
1.033333333333333393e+01 9.473684210526315264e-01 6.786375477128090783e-36
1.043750000000000000e+01 9.473684210526315264e-01 nan
1.054166666666666607e+01 9.473684210526315264e-01 nan
1.064583333333333393e+01 9.473684210526315264e-01 9.572071998110802671e-01
1.075000000000000000e+01 9.473684210526315264e-01 9.858573978577038766e-01
1.085416666666666607e+01 9.473684210526315264e-01 9.745808521452532514e-01
1.095833333333333393e+01 9.473684210526315264e-01 8.890990910372423839e-01
1.106250000000000000e+01 9.473684210526315264e-01 4.893993852123183497e-01
1.116666666666666607e+01 9.473684210526315264e-01 7.900747071170639846e-02
1.127083333333333393e+01 9.473684210526315264e-01 6.034747507395607329e-03
1.137500000000000000e+01 9.473684210526315264e-01 3.055556491561108620e-04
1.147916666666666607e+01 9.473684210526315264e-01 9.970894934826577262e-06
1.158333333333333393e+01 9.473684210526315264e-01 2.004675344811915782e-07
1.168750000000000000e+01 9.473684210526315264e-01 2.371718398222622606e-09
1.179166666666666785e+01 9.473684210526315264e-01 1.666032360269007203e-11
1.189583333333333393e+01 9.473684210526315264e-01 9.397487370545869565e-14
1.200000000000000000e+01 9.473684210526315264e-01 4.621504913327439517e-16
9.500000000000000000e+00 1.000000000000000000e+00 9.124975587027553375e-19
9.604166666666666075e+00 1.000000000000000000e+00 2.961408323501950638e-22
9.708333333333333925e+00 1.000000000000000000e+00 3.366041392148294638e-27
9.812500000000000000e+00 1.000000000000000000e+00 1.040142573149687459e-35
9.916666666666666075e+00 1.000000000000000000e+00 nan
1.002083333333333393e+01 1.000000000000000000e+00 nan
1.012500000000000000e+01 1.000000000000000000e+00 9.603055171914599564e-01
1.022916666666666607e+01 1.000000000000000000e+00 9.873614767115859170e-01
1.033333333333333393e+01 1.000000000000000000e+00 9.832488246934616427e-01
1.043750000000000000e+01 1.000000000000000000e+00 9.494018959191591334e-01
1.054166666666666607e+01 1.000000000000000000e+00 7.777357574287274700e-01
1.064583333333333393e+01 1.000000000000000000e+00 3.313744658553554046e-01
1.075000000000000000e+01 1.000000000000000000e+00 5.689453223909233387e-02
1.085416666666666607e+01 1.000000000000000000e+00 5.389250363582025541e-03
1.095833333333333393e+01 1.000000000000000000e+00 2.983851662870072997e-04
1.106250000000000000e+01 1.000000000000000000e+00 9.200965193679124681e-06
1.116666666666666607e+01 1.000000000000000000e+00 1.520947804505138049e-07
1.127083333333333393e+01 1.000000000000000000e+00 1.253655186712110371e-09
1.137500000000000000e+01 1.000000000000000000e+00 4.299748567366097262e-12
1.147916666666666607e+01 1.000000000000000000e+00 4.745726521111908657e-15
1.158333333333333393e+01 1.000000000000000000e+00 2.049622119584724534e-18
1.168750000000000000e+01 1.000000000000000000e+00 4.672423906291052846e-22
1.179166666666666785e+01 1.000000000000000000e+00 5.219468645945607524e-27
1.189583333333333393e+01 1.000000000000000000e+00 1.569922239916024740e-35
1.200000000000000000e+01 1.000000000000000000e+00 nan
