# log mass	lambda_r	p(SR)/(p(SR) + p(FR))
9.500000000000000000e+00 0.000000000000000000e+00 nan
9.604166666666666075e+00 0.000000000000000000e+00 8.501622196603487308e-03
9.708333333333333925e+00 0.000000000000000000e+00 7.549140830591402271e-03
9.812500000000000000e+00 0.000000000000000000e+00 4.326478780900333901e-03
9.916666666666666075e+00 0.000000000000000000e+00 1.550123758635799185e-03
1.002083333333333393e+01 0.000000000000000000e+00 4.163808549211097569e-04
1.012500000000000000e+01 0.000000000000000000e+00 9.295009333943997365e-05
1.022916666666666607e+01 0.000000000000000000e+00 1.776545054954386087e-05
1.033333333333333393e+01 0.000000000000000000e+00 2.768711030124426862e-06
1.043750000000000000e+01 0.000000000000000000e+00 4.315147526543766369e-07
1.054166666666666607e+01 0.000000000000000000e+00 9.408069731141018724e-08
1.064583333333333393e+01 0.000000000000000000e+00 1.643711697912691561e-08
1.075000000000000000e+01 0.000000000000000000e+00 1.383593062585438783e-09
1.085416666666666607e+01 0.000000000000000000e+00 4.405837528351897240e-11
1.095833333333333393e+01 0.000000000000000000e+00 4.039827686525368729e-13
1.106250000000000000e+01 0.000000000000000000e+00 6.735254573445306522e-16
1.116666666666666607e+01 0.000000000000000000e+00 8.443225693016838797e-20
1.127083333333333393e+01 0.000000000000000000e+00 1.068892128791212473e-25
1.137500000000000000e+01 0.000000000000000000e+00 4.892247417405448578e-36
1.147916666666666607e+01 0.000000000000000000e+00 nan
1.158333333333333393e+01 0.000000000000000000e+00 nan
1.168750000000000000e+01 0.000000000000000000e+00 1.787430221828144664e-02
1.179166666666666785e+01 0.000000000000000000e+00 1.574625365526931275e-02
1.189583333333333393e+01 0.000000000000000000e+00 7.598819784729141623e-03
1.200000000000000000e+01 0.000000000000000000e+00 2.090469307345449619e-03
9.500000000000000000e+00 5.263157894736841813e-02 4.048920872202720327e-04
9.604166666666666075e+00 5.263157894736841813e-02 6.268166902150298350e-05
9.708333333333333925e+00 5.263157894736841813e-02 7.835332515138997757e-06
9.812500000000000000e+00 5.263157894736841813e-02 8.551475614965130561e-07
9.916666666666666075e+00 5.263157894736841813e-02 1.013763651609972012e-07
1.002083333333333393e+01 5.263157894736841813e-02 1.036176120433724748e-08
1.012500000000000000e+01 5.263157894736841813e-02 5.923502241290643207e-10
1.022916666666666607e+01 5.263157894736841813e-02 1.471498695173390783e-11
1.033333333333333393e+01 5.263157894736841813e-02 1.281819103785237220e-13
1.043750000000000000e+01 5.263157894736841813e-02 2.934314160391190491e-16
1.054166666666666607e+01 5.263157894736841813e-02 1.314349732362159550e-19
1.064583333333333393e+01 5.263157894736841813e-02 1.917415728749448642e-23
1.075000000000000000e+01 5.263157894736841813e-02 3.039941055461802193e-28
1.085416666666666607e+01 5.263157894736841813e-02 1.977933616035050036e-36
1.095833333333333393e+01 5.263157894736841813e-02 nan
1.106250000000000000e+01 5.263157894736841813e-02 nan
1.116666666666666607e+01 5.263157894736841813e-02 3.729824618669633218e-02
1.127083333333333393e+01 5.263157894736841813e-02 3.182461657613507022e-02
1.137500000000000000e+01 5.263157894736841813e-02 1.238000630520814938e-02
1.147916666666666607e+01 5.263157894736841813e-02 2.511987756496057884e-03
1.158333333333333393e+01 5.263157894736841813e-02 3.445619271158903082e-04
1.168750000000000000e+01 5.263157894736841813e-02 3.652020410172435476e-05
1.179166666666666785e+01 5.263157894736841813e-02 3.092058027331552311e-06
1.189583333333333393e+01 5.263157894736841813e-02 2.237446510665566468e-07
1.200000000000000000e+01 5.263157894736841813e-02 1.361615012400589394e-08
9.500000000000000000e+00 1.052631578947368363e-01 5.687610513900941133e-10
9.604166666666666075e+00 1.052631578947368363e-01 1.375133454898736203e-11
9.708333333333333925e+00 1.052631578947368363e-01 1.996156516321017158e-13
9.812500000000000000e+00 1.052631578947368363e-01 2.159433761469621223e-15
9.916666666666666075e+00 1.052631578947368363e-01 1.480610389493957985e-17
1.002083333333333393e+01 1.052631578947368363e-01 3.618667817675196490e-20
1.012500000000000000e+01 1.052631578947368363e-01 1.506506999901604241e-23
1.022916666666666607e+01 1.052631578947368363e-01 2.445192235797230170e-28
1.033333333333333393e+01 1.052631578947368363e-01 1.439377348273267708e-36
1.043750000000000000e+01 1.052631578947368363e-01 nan
1.054166666666666607e+01 1.052631578947368363e-01 nan
1.064583333333333393e+01 1.052631578947368363e-01 7.679769006662014175e-02
1.075000000000000000e+01 1.052631578947368363e-01 6.146312162978608690e-02
1.085416666666666607e+01 1.052631578947368363e-01 1.851923120003360484e-02
1.095833333333333393e+01 1.052631578947368363e-01 2.734647816268245043e-03
1.106250000000000000e+01 1.052631578947368363e-01 2.696580097327447604e-04
1.116666666666666607e+01 1.052631578947368363e-01 2.047272578822952437e-05
1.127083333333333393e+01 1.052631578947368363e-01 1.251782580189734260e-06
1.137500000000000000e+01 1.052631578947368363e-01 6.420057488350311231e-08
1.147916666666666607e+01 1.052631578947368363e-01 2.888585601742891154e-09
1.158333333333333393e+01 1.052631578947368363e-01 1.196938531671746205e-10
1.168750000000000000e+01 1.052631578947368363e-01 4.390371725644230908e-12
1.179166666666666785e+01 1.052631578947368363e-01 1.185211244703674993e-13
1.189583333333333393e+01 1.052631578947368363e-01 1.885954723974414702e-15
1.200000000000000000e+01 1.052631578947368363e-01 1.387337983127982340e-17
9.500000000000000000e+00 1.578947368421052544e-01 3.295977209949066692e-20
9.604166666666666075e+00 1.578947368421052544e-01 1.310537867600103821e-23
9.708333333333333925e+00 1.578947368421052544e-01 2.001849786066400676e-28
9.812500000000000000e+00 1.578947368421052544e-01 1.070573559932001991e-36
9.916666666666666075e+00 1.578947368421052544e-01 nan
1.002083333333333393e+01 1.578947368421052544e-01 nan
1.012500000000000000e+01 1.578947368421052544e-01 1.550317618049324719e-01
1.022916666666666607e+01 1.578947368421052544e-01 1.120505676903458259e-01
1.033333333333333393e+01 1.578947368421052544e-01 2.553914881844171827e-02
1.043750000000000000e+01 1.578947368421052544e-01 2.793181754565543778e-03
1.054166666666666607e+01 1.578947368421052544e-01 2.082929995874620147e-04
1.064583333333333393e+01 1.578947368421052544e-01 1.246347698618859816e-05
1.075000000000000000e+01 1.578947368421052544e-01 6.626877718812626349e-07
1.085416666666666607e+01 1.578947368421052544e-01 3.557306761959596034e-08
1.095833333333333393e+01 1.578947368421052544e-01 2.018284035737121393e-09
1.106250000000000000e+01 1.578947368421052544e-01 1.062797152033659246e-10
1.116666666666666607e+01 1.578947368421052544e-01 4.348874933733907508e-12
1.127083333333333393e+01 1.578947368421052544e-01 1.189194347632304490e-13
1.137500000000000000e+01 1.578947368421052544e-01 1.854083677822398058e-15
1.147916666666666607e+01 1.578947368421052544e-01 1.323755157174115172e-17
1.158333333333333393e+01 1.578947368421052544e-01 3.035120131674554170e-20
1.168750000000000000e+01 1.578947368421052544e-01 1.155986368990724719e-23
1.179166666666666785e+01 1.578947368421052544e-01 1.668612350104057750e-28
1.189583333333333393e+01 1.578947368421052544e-01 8.155337646460285187e-37
1.200000000000000000e+01 1.578947368421052544e-01 nan
9.500000000000000000e+00 2.105263157894736725e-01 nan
9.604166666666666075e+00 2.105263157894736725e-01 3.043499488449306067e-01
9.708333333333333925e+00 2.105263157894736725e-01 1.915145923533880523e-01
9.812500000000000000e+00 2.105263157894736725e-01 3.303663787063115809e-02
9.916666666666666075e+00 2.105263157894736725e-01 2.788109693451167135e-03
1.002083333333333393e+01 2.105263157894736725e-01 1.690514786046344174e-04
1.012500000000000000e+01 2.105263157894736725e-01 9.008601841329906451e-06
1.022916666666666607e+01 2.105263157894736725e-01 4.984000788184318552e-07
1.033333333333333393e+01 2.105263157894736725e-01 3.132329103501591729e-08
1.043750000000000000e+01 2.105263157894736725e-01 2.006093903539027368e-09
1.054166666666666607e+01 2.105263157894736725e-01 1.098207938084458254e-10
1.064583333333333393e+01 2.105263157894736725e-01 4.480507210982995454e-12
1.075000000000000000e+01 2.105263157894736725e-01 1.203791391976874046e-13
1.085416666666666607e+01 2.105263157894736725e-01 1.832808372722044814e-15
1.095833333333333393e+01 2.105263157894736725e-01 1.272485715446383725e-17
1.106250000000000000e+01 2.105263157894736725e-01 2.824048279645828915e-20
1.116666666666666607e+01 2.105263157894736725e-01 1.034018700814989063e-23
1.127083333333333393e+01 2.105263157894736725e-01 1.416954502707997182e-28
1.137500000000000000e+01 2.105263157894736725e-01 6.373339659400880657e-37
1.147916666666666607e+01 2.105263157894736725e-01 nan
1.158333333333333393e+01 2.105263157894736725e-01 nan
1.168750000000000000e+01 2.105263157894736725e-01 5.752389092746973409e-01
1.179166666666666785e+01 2.105263157894736725e-01 3.072930577511757133e-01
1.189583333333333393e+01 2.105263157894736725e-01 4.103001144220701224e-02
1.200000000000000000e+01 2.105263157894736725e-01 2.811514710542266718e-03
9.500000000000000000e+00 2.631578947368420907e-01 1.488663216778036101e-04
9.604166666666666075e+00 2.631578947368420907e-01 7.718109529304245767e-06
9.708333333333333925e+00 2.631578947368420907e-01 4.628668662967120168e-07
9.812500000000000000e+00 2.631578947368420907e-01 3.170945423113064336e-08
9.916666666666666075e+00 2.631578947368420907e-01 2.098402336146643423e-09
1.002083333333333393e+01 2.631578947368420907e-01 1.149070567715286124e-10
1.012500000000000000e+01 2.631578947368420907e-01 4.630603148641462755e-12
1.022916666666666607e+01 2.631578947368420907e-01 1.221760198051924782e-13
1.033333333333333393e+01 2.631578947368420907e-01 1.819815114529539280e-15
1.043750000000000000e+01 2.631578947368420907e-01 1.231877335216524395e-17
1.054166666666666607e+01 2.631578947368420907e-01 2.654767712428316922e-20
1.064583333333333393e+01 2.631578947368420907e-01 9.380799467661973857e-24
1.075000000000000000e+01 2.631578947368420907e-01 1.226493552232970055e-28
1.085416666666666607e+01 2.631578947368420907e-01 5.116435129703328929e-37
1.095833333333333393e+01 2.631578947368420907e-01 nan
1.106250000000000000e+01 2.631578947368420907e-01 nan
1.116666666666666607e+01 2.631578947368420907e-01 1.035863565127532970e+00
1.127083333333333393e+01 2.631578947368420907e-01 4.668065445004246916e-01
1.137500000000000000e+01 2.631578947368420907e-01 5.001219742192465623e-02
1.147916666666666607e+01 2.631578947368420907e-01 2.919878681821758224e-03
1.158333333333333393e+01 2.631578947368420907e-01 1.421842142279880028e-04
1.168750000000000000e+01 2.631578947368420907e-01 7.420576152446343631e-06
1.179166666666666785e+01 2.631578947368420907e-01 4.701388305205311184e-07
1.189583333333333393e+01 2.631578947368420907e-01 3.329497200651054573e-08
1.200000000000000000e+01 2.631578947368420907e-01 2.214549978858194503e-09
9.500000000000000000e+00 3.157894736842105088e-01 1.203754977560760448e-10
9.604166666666666075e+00 3.157894736842105088e-01 4.788043468595184390e-12
9.708333333333333925e+00 3.157894736842105088e-01 1.242347584300990884e-13
9.812500000000000000e+00 3.157894736842105088e-01 1.814481466261946692e-15
9.916666666666666075e+00 3.157894736842105088e-01 1.200953854154302650e-17
1.002083333333333393e+01 3.157894736842105088e-01 2.521610501761723347e-20
1.012500000000000000e+01 3.157894736842105088e-01 8.633840343597935193e-24
1.022916666666666607e+01 3.157894736842105088e-01 1.082734657763372421e-28
1.033333333333333393e+01 3.157894736842105088e-01 4.224042205969340046e-37
1.043750000000000000e+01 3.157894736842105088e-01 nan
1.054166666666666607e+01 3.157894736842105088e-01 nan
1.064583333333333393e+01 3.157894736842105088e-01 1.762265730134125352e+00
1.075000000000000000e+01 3.157894736842105088e-01 6.795214167936155514e-01
1.085416666666666607e+01 3.157894736842105088e-01 6.085969625207648254e-02
1.095833333333333393e+01 3.157894736842105088e-01 3.146306754601394581e-03
1.106250000000000000e+01 3.157894736842105088e-01 1.449431995613006420e-04
1.116666666666666607e+01 3.157894736842105088e-01 7.616948733647225008e-06
1.127083333333333393e+01 3.157894736842105088e-01 4.944434645799214165e-07
1.137500000000000000e+01 3.157894736842105088e-01 3.529525478119208461e-08
1.147916666666666607e+01 3.157894736842105088e-01 2.338481389247722828e-09
1.158333333333333393e+01 3.157894736842105088e-01 1.259844088383389422e-10
1.168750000000000000e+01 3.157894736842105088e-01 4.950664221166993924e-12
1.179166666666666785e+01 3.157894736842105088e-01 1.265645057448010253e-13
1.189583333333333393e+01 3.157894736842105088e-01 1.817052484958484380e-15
1.200000000000000000e+01 3.157894736842105088e-01 1.179377188937189634e-17
9.500000000000000000e+00 3.684210526315789269e-01 2.420980637540127546e-20
9.604166666666666075e+00 3.684210526315789269e-01 8.065588642796696342e-24
9.708333333333333925e+00 3.684210526315789269e-01 9.754808424817127401e-29
9.812500000000000000e+00 3.684210526315789269e-01 3.590015684512935429e-37
9.916666666666666075e+00 3.684210526315789269e-01 nan
1.002083333333333393e+01 3.684210526315789269e-01 nan
1.012500000000000000e+01 3.684210526315789269e-01 2.819076670715393806e+00
1.022916666666666607e+01 3.684210526315789269e-01 9.596299839476973847e-01
1.033333333333333393e+01 3.684210526315789269e-01 7.483127450133437997e-02
1.043750000000000000e+01 3.684210526315789269e-01 3.522652775859073850e-03
1.054166666666666607e+01 3.684210526315789269e-01 1.551462493548068985e-04
1.064583333333333393e+01 3.684210526315789269e-01 8.104422629023954615e-06
1.075000000000000000e+01 3.684210526315789269e-01 5.271050949245266723e-07
1.085416666666666607e+01 3.684210526315789269e-01 3.747605045939214409e-08
1.095833333333333393e+01 3.684210526315789269e-01 2.465773441330061216e-09
1.106250000000000000e+01 3.684210526315789269e-01 1.316991526112196486e-10
1.116666666666666607e+01 3.684210526315789269e-01 5.120377671281603335e-12
1.127083333333333393e+01 3.684210526315789269e-01 1.292529921552839962e-13
1.137500000000000000e+01 3.684210526315789269e-01 1.828814263759876195e-15
1.147916666666666607e+01 3.684210526315789269e-01 1.167543169957347777e-17
1.158333333333333393e+01 3.684210526315789269e-01 2.351336644670931825e-20
1.168750000000000000e+01 3.684210526315789269e-01 7.654352232445984627e-24
1.179166666666666785e+01 3.684210526315789269e-01 8.977638228927678787e-29
1.189583333333333393e+01 3.684210526315789269e-01 3.144434142597104061e-37
1.200000000000000000e+01 3.684210526315789269e-01 nan
9.500000000000000000e+00 4.210526315789473450e-01 nan
9.604166666666666075e+00 4.210526315789473450e-01 4.236370429754504841e+00
9.708333333333333925e+00 4.210526315789473450e-01 1.328695562538369179e+00
9.812500000000000000e+00 4.210526315789473450e-01 9.376418671146112549e-02
9.916666666666666075e+00 4.210526315789473450e-01 4.100386682110095972e-03
1.002083333333333393e+01 4.210526315789473450e-01 1.726794485127994825e-04
1.012500000000000000e+01 4.210526315789473450e-01 8.820365064220322352e-06
1.022916666666666607e+01 4.210526315789473450e-01 5.656003822730669497e-07
1.033333333333333393e+01 4.210526315789473450e-01 3.978889313929713122e-08
1.043750000000000000e+01 4.210526315789473450e-01 2.597048821813549609e-09
1.054166666666666607e+01 4.210526315789473450e-01 1.376417189960813283e-10
1.064583333333333393e+01 4.210526315789473450e-01 5.303936391825126333e-12
1.075000000000000000e+01 4.210526315789473450e-01 1.324978874842904176e-13
1.085416666666666607e+01 4.210526315789473450e-01 1.852533161506903373e-15
1.095833333333333393e+01 4.210526315789473450e-01 1.166824428732120319e-17
1.106250000000000000e+01 4.210526315789473450e-01 2.313501035966847444e-20
1.116666666666666607e+01 4.210526315789473450e-01 7.389914393816577004e-24
1.127083333333333393e+01 4.210526315789473450e-01 8.452024261548377937e-29
1.137500000000000000e+01 4.210526315789473450e-01 2.842157507870031413e-37
1.147916666666666607e+01 4.210526315789473450e-01 nan
1.158333333333333393e+01 4.210526315789473450e-01 nan
1.168750000000000000e+01 4.210526315789473450e-01 5.990230004524401686e+00
1.179166666666666785e+01 4.210526315789473450e-01 1.818417601178507814e+00
1.189583333333333393e+01 4.210526315789473450e-01 1.205108464036409449e-01
1.200000000000000000e+01 4.210526315789473450e-01 4.974944347843865931e-03
9.500000000000000000e+00 4.736842105263157632e-01 1.995103340740004162e-04
9.604166666666666075e+00 4.736842105263157632e-01 9.798560843118178066e-06
9.708333333333333925e+00 4.736842105263157632e-01 6.111173891038931839e-07
9.812500000000000000e+00 4.736842105263157632e-01 4.231670446321808506e-08
9.916666666666666075e+00 4.736842105263157632e-01 2.738075617356521892e-09
1.002083333333333393e+01 4.736842105263157632e-01 1.441469700642362195e-10
1.012500000000000000e+01 4.736842105263157632e-01 5.515426626197094053e-12
1.022916666666666607e+01 4.736842105263157632e-01 1.366683668022201358e-13
1.033333333333333393e+01 4.736842105263157632e-01 1.893282932394437134e-15
1.043750000000000000e+01 4.736842105263157632e-01 1.180057532007544209e-17
1.054166666666666607e+01 4.736842105263157632e-01 2.311483463309341404e-20
1.064583333333333393e+01 4.736842105263157632e-01 7.274987804066937486e-24
1.075000000000000000e+01 4.736842105263157632e-01 8.157607772336532731e-29
1.085416666666666607e+01 4.736842105263157632e-01 2.656084617834995176e-37
1.095833333333333393e+01 4.736842105263157632e-01 nan
1.106250000000000000e+01 4.736842105263157632e-01 nan
1.116666666666666607e+01 4.736842105263157632e-01 7.992185811228813996e+00
1.127083333333333393e+01 4.736842105263157632e-01 2.474007513718603946e+00
1.137500000000000000e+01 4.736842105263157632e-01 1.596990129526838498e-01
1.147916666666666607e+01 4.736842105263157632e-01 6.324410790064141641e-03
1.158333333333333393e+01 4.736842105263157632e-01 2.406825032439139994e-04
1.168750000000000000e+01 4.736842105263157632e-01 1.118398260890928775e-05
1.179166666666666785e+01 4.736842105263157632e-01 6.689547366335983187e-07
1.189583333333333393e+01 4.736842105263157632e-01 4.530931546396701188e-08
1.200000000000000000e+01 4.736842105263157632e-01 2.902203551711131935e-09
9.500000000000000000e+00 5.263157894736841813e-01 1.518851809513225748e-10
9.604166666666666075e+00 5.263157894736841813e-01 5.780765650163167159e-12
9.708333333333333925e+00 5.263157894736841813e-01 1.424140447059083061e-13
9.812500000000000000e+00 5.263157894736841813e-01 1.959933033811005301e-15
9.916666666666666075e+00 5.263157894736841813e-01 1.212451905982767217e-17
1.002083333333333393e+01 5.263157894736841813e-01 2.354166945819767057e-20
1.012500000000000000e+01 5.263157894736841813e-01 7.329691612498960845e-24
1.022916666666666607e+01 5.263157894736841813e-01 8.099665102128605571e-29
1.033333333333333393e+01 5.263157894736841813e-01 2.574035541750703707e-37
1.043750000000000000e+01 5.263157894736841813e-01 nan
1.054166666666666607e+01 5.263157894736841813e-01 nan
1.064583333333333393e+01 5.263157894736841813e-01 1.008953867603154109e+01
1.075000000000000000e+01 5.263157894736841813e-01 3.358267790664261732e+00
1.085416666666666607e+01 5.263157894736841813e-01 2.189816552857926368e-01
1.095833333333333393e+01 5.263157894736841813e-01 8.477989982232427349e-03
1.106250000000000000e+01 5.263157894736841813e-01 3.065830233945238690e-04
1.116666666666666607e+01 5.263157894736841813e-01 1.329804390669242340e-05
1.127083333333333393e+01 5.263157894736841813e-01 7.507243377330620679e-07
1.137500000000000000e+01 5.263157894736841813e-01 4.927961310936342908e-08
1.147916666666666607e+01 5.263157894736841813e-01 3.115018932728051848e-09
1.158333333333333393e+01 5.263157894736841813e-01 1.620731645517201175e-10
1.168750000000000000e+01 5.263157894736841813e-01 6.145341849286391531e-12
1.179166666666666785e+01 5.263157894736841813e-01 1.508522860694447895e-13
1.189583333333333393e+01 5.263157894736841813e-01 2.067755174141941379e-15
1.200000000000000000e+01 5.263157894736841813e-01 1.273220317348512163e-17
9.500000000000000000e+00 5.789473684210526550e-01 2.458466630512536955e-20
9.604166666666666075e+00 5.789473684210526550e-01 7.600974292850122048e-24
9.708333333333333925e+00 5.789473684210526550e-01 8.317742432437542412e-29
9.812500000000000000e+00 5.789473684210526550e-01 2.599070316980438149e-37
9.916666666666666075e+00 5.789473684210526550e-01 nan
1.002083333333333393e+01 5.789473684210526550e-01 nan
1.012500000000000000e+01 5.789473684210526550e-01 1.207645382418883173e+01
1.022916666666666607e+01 5.789473684210526550e-01 4.554801722044860668e+00
1.033333333333333393e+01 5.789473684210526550e-01 3.110194052573851953e-01
1.043750000000000000e+01 5.789473684210526550e-01 1.203858938615073523e-02
1.054166666666666607e+01 5.789473684210526550e-01 4.174228265827400011e-04
1.064583333333333393e+01 5.789473684210526550e-01 1.677747796860618718e-05
1.075000000000000000e+01 5.789473684210526550e-01 8.788863339966970412e-07
1.085416666666666607e+01 5.789473684210526550e-01 5.518029313773572237e-08
1.095833333333333393e+01 5.789473684210526550e-01 3.422196049707484133e-09
1.106250000000000000e+01 5.789473684210526550e-01 1.768183237224852263e-10
1.116666666666666607e+01 5.789473684210526550e-01 6.686457755954948031e-12
1.127083333333333393e+01 5.789473684210526550e-01 1.638774667236320985e-13
1.137500000000000000e+01 5.789473684210526550e-01 2.242804242062596847e-15
1.147916666666666607e+01 5.789473684210526550e-01 1.378375515022221307e-17
1.158333333333333393e+01 5.789473684210526550e-01 2.654899046887045136e-20
1.168750000000000000e+01 5.789473684210526550e-01 8.180100574460717856e-24
1.179166666666666785e+01 5.789473684210526550e-01 8.904212188326242270e-29
1.189583333333333393e+01 5.789473684210526550e-01 2.753920310576374876e-37
1.200000000000000000e+01 5.789473684210526550e-01 nan
9.500000000000000000e+00 6.315789473684210176e-01 nan
9.604166666666666075e+00 6.315789473684210176e-01 1.371480088605430225e+01
9.708333333333333925e+00 6.315789473684210176e-01 6.165127068661660381e+00
9.812500000000000000e+00 6.315789473684210176e-01 4.564777272169188715e-01
9.916666666666666075e+00 6.315789473684210176e-01 1.810443589784107438e-02
1.002083333333333393e+01 6.315789473684210176e-01 6.119899809850474917e-04
1.012500000000000000e+01 6.315789473684210176e-01 2.285402185365488398e-05
1.022916666666666607e+01 6.315789473684210176e-01 1.095546160021802714e-06
1.033333333333333393e+01 6.315789473684210176e-01 6.471569638376774956e-08
1.043750000000000000e+01 6.315789473684210176e-01 3.902108333981555385e-09
1.054166666666666607e+01 6.315789473684210176e-01 1.996431347630987573e-10
1.064583333333333393e+01 6.315789473684210176e-01 7.532108871978167514e-12
1.075000000000000000e+01 6.315789473684210176e-01 1.846334932616048936e-13
1.085416666666666607e+01 6.315789473684210176e-01 2.528745620456326767e-15
1.095833333333333393e+01 6.315789473684210176e-01 1.555184991351966051e-17
1.106250000000000000e+01 6.315789473684210176e-01 2.996673537714728747e-20
1.116666666666666607e+01 6.315789473684210176e-01 9.232146405501486594e-24
1.127083333333333393e+01 6.315789473684210176e-01 1.003752519107140340e-28
1.137500000000000000e+01 6.315789473684210176e-01 3.090894760009885278e-37
1.147916666666666607e+01 6.315789473684210176e-01 nan
1.158333333333333393e+01 6.315789473684210176e-01 nan
1.168750000000000000e+01 6.315789473684210176e-01 1.476889088980694176e+01
1.179166666666666785e+01 6.315789473684210176e-01 8.291522019690123813e+00
1.189583333333333393e+01 6.315789473684210176e-01 6.885785970842883685e-01
1.200000000000000000e+01 6.315789473684210176e-01 2.870185042671729789e-02
9.500000000000000000e+00 6.842105263157893802e-01 9.663982631832838000e-04
9.604166666666666075e+00 6.842105263157893802e-01 3.397261227720988901e-05
9.708333333333333925e+00 6.842105263157893802e-01 1.481142066990247601e-06
9.812500000000000000e+00 6.842105263157893802e-01 8.092753978937904461e-08
9.916666666666666075e+00 6.842105263157893802e-01 4.686014615671918828e-09
1.002083333333333393e+01 6.842105263157893802e-01 2.362301353842079221e-10
1.012500000000000000e+01 6.842105263157893802e-01 8.886511757896219747e-12
1.022916666666666607e+01 6.842105263157893802e-01 2.181596453287104717e-13
1.033333333333333393e+01 6.842105263157893802e-01 2.996404398149699466e-15
1.043750000000000000e+01 6.842105263157893802e-01 1.848570362054670468e-17
1.054166666666666607e+01 6.842105263157893802e-01 3.573111285928186185e-20
1.064583333333333393e+01 6.842105263157893802e-01 1.104080799434054937e-23
1.075000000000000000e+01 6.842105263157893802e-01 1.203460158701290238e-28
1.085416666666666607e+01 6.842105263157893802e-01 3.708671446207375556e-37
1.095833333333333393e+01 6.842105263157893802e-01 nan
1.106250000000000000e+01 6.842105263157893802e-01 nan
1.116666666666666607e+01 6.842105263157893802e-01 1.507073262076365872e+01
1.127083333333333393e+01 6.842105263157893802e-01 1.100506635407613842e+01
1.137500000000000000e+01 6.842105263157893802e-01 1.061344838262191503e+00
1.147916666666666607e+01 6.842105263157893802e-01 4.778396681448285332e-02
1.158333333333333393e+01 6.842105263157893802e-01 1.642167424246627995e-03
1.168750000000000000e+01 6.842105263157893802e-01 5.544268686254475511e-05
1.179166666666666785e+01 6.842105263157893802e-01 2.202890549491751788e-06
1.189583333333333393e+01 6.842105263157893802e-01 1.095400962811046432e-07
1.200000000000000000e+01 6.842105263157893802e-01 5.995937522617694104e-09
9.500000000000000000e+00 7.368421052631578538e-01 2.955506543581504443e-10
9.604166666666666075e+00 7.368421052631578538e-01 1.106423470003770325e-11
9.708333333333333925e+00 7.368421052631578538e-01 2.722300891887150116e-13
9.812500000000000000e+00 7.368421052631578538e-01 3.756362494441088606e-15
9.916666666666666075e+00 7.368421052631578538e-01 2.329762950183118518e-17
1.002083333333333393e+01 7.368421052631578538e-01 4.528258463364059719e-20
1.012500000000000000e+01 7.368421052631578538e-01 1.407203732298087574e-23
1.022916666666666607e+01 7.368421052631578538e-01 1.542689524628462294e-28
1.033333333333333393e+01 7.368421052631578538e-01 4.777184417793798864e-37
1.043750000000000000e+01 7.368421052631578538e-01 nan
1.054166666666666607e+01 7.368421052631578538e-01 nan
1.064583333333333393e+01 7.368421052631578538e-01 1.461581555805986632e+01
1.075000000000000000e+01 7.368421052631578538e-01 1.431508227153396007e+01
1.085416666666666607e+01 7.368421052631578538e-01 1.667220408782269292e+00
1.095833333333333393e+01 7.368421052631578538e-01 8.385339794755271303e-02
1.106250000000000000e+01 7.368421052631578538e-01 3.029837030824944662e-03
1.116666666666666607e+01 7.368421052631578538e-01 1.007359163138343562e-04
1.127083333333333393e+01 7.368421052631578538e-01 3.671454237075519586e-06
1.137500000000000000e+01 7.368421052631578538e-01 1.630063247211579565e-07
1.147916666666666607e+01 7.368421052631578538e-01 8.242287555725727785e-09
1.158333333333333393e+01 7.368421052631578538e-01 3.922035980248283135e-10
1.168750000000000000e+01 7.368421052631578538e-01 1.454807736092336350e-11
1.179166666666666785e+01 7.368421052631578538e-01 3.586425232265800683e-13
1.189583333333333393e+01 7.368421052631578538e-01 4.977779410273241999e-15
1.200000000000000000e+01 7.368421052631578538e-01 3.109212130496995141e-17
9.500000000000000000e+00 7.894736842105263275e-01 6.088738191662535927e-20
9.604166666666666075e+00 7.894736842105263275e-01 1.906947445583888851e-23
9.708333333333333925e+00 7.894736842105263275e-01 2.107406324577828192e-28
9.812500000000000000e+00 7.894736842105263275e-01 6.573853893719884181e-37
9.916666666666666075e+00 7.894736842105263275e-01 nan
1.002083333333333393e+01 7.894736842105263275e-01 nan
1.012500000000000000e+01 7.894736842105263275e-01 1.361960549137076448e+01
1.022916666666666607e+01 7.894736842105263275e-01 1.815045244338782027e+01
1.033333333333333393e+01 7.894736842105263275e-01 2.671746502319197969e+00
1.043750000000000000e+01 7.894736842105263275e-01 1.570546057047724486e-01
1.054166666666666607e+01 7.894736842105263275e-01 6.217613309963588089e-03
1.064583333333333393e+01 7.894736842105263275e-01 2.110620716328741721e-04
1.075000000000000000e+01 7.894736842105263275e-01 7.157188589412951284e-06
1.085416666666666607e+01 7.894736842105263275e-01 2.760980078433083455e-07
1.095833333333333393e+01 7.894736842105263275e-01 1.235902287973901066e-08
1.106250000000000000e+01 7.894736842105263275e-01 5.530078753717084778e-10
1.116666666666666607e+01 7.894736842105263275e-01 2.011817573588757111e-11
1.127083333333333393e+01 7.894736842105263275e-01 4.956491319804465420e-13
1.137500000000000000e+01 7.894736842105263275e-01 6.921364344547614428e-15
1.147916666666666607e+01 7.894736842105263275e-01 4.358537074813993455e-17
1.158333333333333393e+01 7.894736842105263275e-01 8.610283964401605193e-20
1.168750000000000000e+01 7.894736842105263275e-01 2.721109315225923780e-23
1.179166666666666785e+01 7.894736842105263275e-01 3.034567197440765469e-28
1.189583333333333393e+01 7.894736842105263275e-01 9.537761196044082586e-37
1.200000000000000000e+01 7.894736842105263275e-01 nan
9.500000000000000000e+00 8.421052631578946901e-01 nan
9.604166666666666075e+00 8.421052631578946901e-01 1.245369485998757142e+01
9.708333333333333925e+00 8.421052631578946901e-01 2.234469726025208303e+01
9.812500000000000000e+00 8.421052631578946901e-01 4.368381617699883535e+00
9.916666666666666075e+00 8.421052631578946901e-01 3.184926703808350079e-01
1.002083333333333393e+01 8.421052631578946901e-01 1.466547551767364253e-02
1.012500000000000000e+01 8.421052631578946901e-01 5.400211732962790319e-04
1.022916666666666607e+01 8.421052631578946901e-01 1.782153417631832923e-05
1.033333333333333393e+01 8.421052631578946901e-01 5.862936840385634653e-07
1.043750000000000000e+01 8.421052631578946901e-01 2.141006371369695944e-08
1.054166666666666607e+01 8.421052631578946901e-01 8.424014418654833709e-10
1.064583333333333393e+01 8.421052631578946901e-01 2.920861657578646341e-11
1.075000000000000000e+01 8.421052631578946901e-01 7.129254548336224084e-13
1.085416666666666607e+01 8.421052631578946901e-01 9.997574937742230750e-15
1.095833333333333393e+01 8.421052631578946901e-01 6.347444096124943465e-17
1.106250000000000000e+01 8.421052631578946901e-01 1.265439312797423618e-19
1.116666666666666607e+01 8.421052631578946901e-01 4.036198004180163752e-23
1.127083333333333393e+01 8.421052631578946901e-01 4.540415722907976268e-28
1.137500000000000000e+01 8.421052631578946901e-01 1.434566109193403469e-36
1.147916666666666607e+01 8.421052631578946901e-01 nan
1.158333333333333393e+01 8.421052631578946901e-01 nan
1.168750000000000000e+01 8.421052631578946901e-01 1.149648497827012328e+01
1.179166666666666785e+01 8.421052631578946901e-01 2.664674579164500656e+01
1.189583333333333393e+01 8.421052631578946901e-01 7.237415882744124396e+00
1.200000000000000000e+01 8.421052631578946901e-01 7.024927693181798327e-01
9.500000000000000000e+00 8.947368421052630527e-01 4.076745417911759733e-02
9.604166666666666075e+00 8.947368421052630527e-01 1.791755015221419087e-03
9.708333333333333925e+00 8.947368421052630527e-01 6.420242930484703551e-05
9.812500000000000000e+00 8.947368421052630527e-01 1.932929121960138764e-06
9.916666666666666075e+00 8.947368421052630527e-01 5.315876103000368675e-08
1.002083333333333393e+01 8.947368421052630527e-01 1.538371983170320310e-09
1.012500000000000000e+01 8.947368421052630527e-01 4.560304709933831446e-11
1.022916666666666607e+01 8.947368421052630527e-01 1.065072931902382062e-12
1.033333333333333393e+01 8.947368421052630527e-01 1.487331201082602485e-14
1.043750000000000000e+01 8.947368421052630527e-01 9.503004772671629880e-17
1.054166666666666607e+01 8.947368421052630527e-01 1.910711041863077052e-19
1.064583333333333393e+01 8.947368421052630527e-01 6.145626812753551520e-23
1.075000000000000000e+01 8.947368421052630527e-01 6.961174125019881765e-28
1.085416666666666607e+01 8.947368421052630527e-01 2.200341232458351534e-36
1.095833333333333393e+01 8.947368421052630527e-01 nan
1.106250000000000000e+01 8.947368421052630527e-01 nan
1.116666666666666607e+01 8.947368421052630527e-01 1.102041755250277433e+01
1.127083333333333393e+01 8.947368421052630527e-01 3.082352717650899976e+01
1.137500000000000000e+01 8.947368421052630527e-01 1.194365577182424687e+01
1.147916666666666607e+01 8.947368421052630527e-01 1.657274907708205181e+00
1.158333333333333393e+01 8.947368421052630527e-01 1.327574839816779984e-01
1.168750000000000000e+01 8.947368421052630527e-01 7.872230656170545876e-03
1.179166666666666785e+01 8.947368421052630527e-01 3.630316847906971166e-04
1.189583333333333393e+01 8.947368421052630527e-01 1.248551132272185961e-05
1.200000000000000000e+01 8.947368421052630527e-01 3.105826336479134360e-07
9.500000000000000000e+00 9.473684210526315264e-01 5.817753045163987227e-09
9.604166666666666075e+00 9.473684210526315264e-01 9.933611872313590718e-11
9.708333333333333925e+00 9.473684210526315264e-01 1.744831004041098309e-12
9.812500000000000000e+00 9.473684210526315264e-01 2.281258531887367805e-14
9.916666666666666075e+00 9.473684210526315264e-01 1.451250509798509169e-16
1.002083333333333393e+01 9.473684210526315264e-01 2.935798055110103084e-19
1.012500000000000000e+01 9.473684210526315264e-01 9.504665563614176528e-23
1.022916666666666607e+01 9.473684210526315264e-01 1.080729023878319466e-27
1.033333333333333393e+01 9.473684210526315264e-01 3.393187738564045392e-36
1.043750000000000000e+01 9.473684210526315264e-01 nan
1.054166666666666607e+01 9.473684210526315264e-01 nan
1.064583333333333393e+01 9.473684210526315264e-01 1.118420850686615609e+01
1.075000000000000000e+01 9.473684210526315264e-01 3.485417280138671714e+01
1.085416666666666607e+01 9.473684210526315264e-01 1.917021093142707500e+01
1.095833333333333393e+01 9.473684210526315264e-01 4.008529322946380979e+00
1.106250000000000000e+01 9.473684210526315264e-01 4.792389306227340939e-01
1.116666666666666607e+01 9.473684210526315264e-01 4.289256872298422701e-02
1.127083333333333393e+01 9.473684210526315264e-01 3.035693396857707619e-03
1.137500000000000000e+01 9.473684210526315264e-01 1.528245209737685460e-04
1.147916666666666607e+01 9.473684210526315264e-01 4.985497177281841092e-06
1.158333333333333393e+01 9.473684210526315264e-01 1.002337873342160178e-07
1.168750000000000000e+01 9.473684210526315264e-01 1.185859201923835401e-09
1.179166666666666785e+01 9.473684210526315264e-01 8.330161801483819795e-12
1.189583333333333393e+01 9.473684210526315264e-01 4.698743685273376545e-14
1.200000000000000000e+01 9.473684210526315264e-01 2.310752456663720744e-16
9.500000000000000000e+00 1.000000000000000000e+00 4.562487793513776687e-19
9.604166666666666075e+00 1.000000000000000000e+00 1.480704161750975319e-22
9.708333333333333925e+00 1.000000000000000000e+00 1.683020696074147319e-27
9.812500000000000000e+00 1.000000000000000000e+00 5.200712865748437293e-36
9.916666666666666075e+00 1.000000000000000000e+00 nan
1.002083333333333393e+01 1.000000000000000000e+00 nan
1.012500000000000000e+01 1.000000000000000000e+00 1.209620895960959075e+01
1.022916666666666607e+01 1.000000000000000000e+00 3.906158394377897025e+01
1.033333333333333393e+01 1.000000000000000000e+00 2.934865186174972251e+01
1.043750000000000000e+01 1.000000000000000000e+00 9.381793183419423698e+00
1.054166666666666607e+01 1.000000000000000000e+00 1.749574624400805467e+00
1.064583333333333393e+01 1.000000000000000000e+00 2.478027303274277782e-01
1.075000000000000000e+01 1.000000000000000000e+00 3.016339857204391323e-02
1.085416666666666607e+01 1.000000000000000000e+00 2.709225878340887437e-03
1.095833333333333393e+01 1.000000000000000000e+00 1.492371132843671650e-04
1.106250000000000000e+01 1.000000000000000000e+00 4.600524926109279360e-06
1.116666666666666607e+01 1.000000000000000000e+00 7.604740179166978003e-08
1.127083333333333393e+01 1.000000000000000000e+00 6.268275941418809032e-10
1.137500000000000000e+01 1.000000000000000000e+00 2.149874283692292213e-12
1.147916666666666607e+01 1.000000000000000000e+00 2.372863260555965767e-15
1.158333333333333393e+01 1.000000000000000000e+00 1.024811059792362267e-18
1.168750000000000000e+01 1.000000000000000000e+00 2.336211953145526423e-22
1.179166666666666785e+01 1.000000000000000000e+00 2.609734322972803762e-27
1.189583333333333393e+01 1.000000000000000000e+00 7.849611199580123698e-36
1.200000000000000000e+01 1.000000000000000000e+00 nan
